age,4.2,3.1,3.3,4.3,5.4
1,0.00548482,0,1,1,0
2,0.00353847,0,0.99451518,0.99451518,0
3,0.00133912,0,0.99097671,0.99097671,0
4,0.00022902,0.00000012,0.98963759,0.98963759,0
5,0.00019983,0.00000037,0.98940845,0.98940857,0.00000012
6,0.00017065,0.00000061,0.98920825,0.98920874,0.0000005
7,0.00014149,0.00000086,0.98903699,0.98903809,0.00000111
8,0.00011707,0.00000113,0.98889464,0.9888966,0.00000198
9,0.00012101,0.00000161,0.98877644,0.98877953,0.00000312
10,0.00012967,0.00000212,0.98865382,0.98865848,0.0000047
11,0.00013832,0.00000262,0.98852204,0.98852872,0.00000676
12,0.00014698,0.00000313,0.9883811,0.98839027,0.00000928
13,0.00016565,0.00000367,0.98823099,0.98824311,0.00001227
14,0.00024442,0.0000044,0.98806167,0.98807725,0.00001576
15,0.00033315,0.00000516,0.98781286,0.98783259,0.00001998
16,0.00042178,0.00000592,0.98747456,0.98749918,0.00002494
17,0.00051031,0.00000668,0.98704686,0.98707712,0.00003065
18,0.00060157,0.00000749,0.98652988,0.98656651,0.00003712
19,0.00070993,0.00000859,0.98592084,0.98596455,0.00004433
20,0.00082092,0.00000974,0.98520235,0.98525381,0.00005222
21,0.00093164,0.00001089,0.98437174,0.98443159,0.0000608
22,0.00104204,0.00001203,0.98342927,0.98349816,0.00007005
23,0.00114182,0.00001344,0.98237529,0.98245386,0.00007998
24,0.00117976,0.00001649,0.98122012,0.98130926,0.00009083
25,0.00120733,0.00001981,0.98002399,0.98012604,0.00010412
26,0.00123479,0.00002311,0.97879698,0.97891455,0.00012009
27,0.00126214,0.00002641,0.97753924,0.97767489,0.00013875
28,0.00128958,0.00002986,0.97625088,0.97640719,0.00016009
29,0.00131813,0.00003427,0.97493166,0.97511125,0.00018418
30,0.00134675,0.00003882,0.97357952,0.97378538,0.0002114
31,0.00137525,0.00004336,0.97219425,0.97242941,0.00024182
32,0.00140363,0.00004789,0.97077599,0.97104346,0.00027545
33,0.00143396,0.00005305,0.96932489,0.96962768,0.00031228
34,0.00147666,0.00006211,0.96783836,0.96818007,0.00035294
35,0.00152124,0.00007179,0.96630015,0.96668805,0.00040127
36,0.0015656,0.00008143,0.96470777,0.96514972,0.00045791
37,0.00160973,0.00009104,0.96306151,0.96356531,0.00052285
38,0.00166122,0.00010134,0.96136163,0.96193504,0.0005961
39,0.0017579,0.00011595,0.95960013,0.96025134,0.00067816
40,0.00186158,0.00013123,0.95772756,0.95846761,0.00077212
41,0.00196464,0.00014643,0.95573628,0.95657661,0.00087848
42,0.00206703,0.00016154,0.95362706,0.954579,0.00099724
43,0.00218432,0.00017817,0.95140068,0.95247546,0.00112841
44,0.00239407,0.00020427,0.94904081,0.95025041,0.00127293
45,0.00261767,0.00023178,0.94644571,0.94780717,0.00143642
46,0.00283934,0.00025907,0.94360026,0.94513123,0.00161985
47,0.0030589,0.00028613,0.94050674,0.9422246,0.0018232
48,0.00329412,0.00031701,0.93716763,0.93908946,0.00204649
49,0.00363388,0.00037196,0.93356364,0.93570983,0.00229365
50,0.00398724,0.00043037,0.92956666,0.93197887,0.00258827
51,0.00433579,0.00048809,0.92516006,0.92788273,0.00293429
52,0.00467914,0.00054504,0.92034975,0.92342636,0.00333173
53,0.00503854,0.00059691,0.9151422,0.91861511,0.0037806
54,0.00552062,0.00062248,0.90952705,0.91343275,0.00427585
55,0.0060147,0.00064313,0.90340898,0.90775444,0.00478704
56,0.00649819,0.00066308,0.89678153,0.90156806,0.00530912
57,0.0069703,0.0006823,0.8896565,0.89488452,0.00584211
58,0.00744623,0.0007035,0.88204653,0.88771551,0.00638602
59,0.00800376,0.00074014,0.87394644,0.88005689,0.00694325
60,0.00856005,0.00077819,0.86526045,0.87182356,0.00752802
61,0.00909789,0.00081481,0.85598929,0.86301661,0.00814274
62,0.00961628,0.00084994,0.8461536,0.85365505,0.00878745
63,0.01013277,0.00088525,0.83577512,0.84375892,0.00946218
64,0.01073679,0.00092914,0.82485656,0.83333047,0.01016872
65,0.01133135,0.00097256,0.81330384,0.82228115,0.01091757
66,0.01189646,0.00101367,0.80112812,0.81062094,0.01171055
67,0.01243099,0.00105239,0.78836227,0.7983801,0.0125477
68,0.01301491,0.00108787,0.77504035,0.7855901,0.01342908
69,0.01403907,0.00111603,0.76111836,0.77220146,0.0143526
70,0.01507518,0.00114012,0.74617149,0.7577694,0.01530534
71,0.01603678,0.00116077,0.73019433,0.74228256,0.0162852
72,0.01692036,0.00117792,0.71326605,0.72581708,0.01729228
73,0.01782136,0.00119276,0.69546913,0.7084527,0.01832666
74,0.01920429,0.00121079,0.67679111,0.69017213,0.01938794
75,0.02053423,0.00122463,0.65675884,0.67048593,0.02047335
76,0.02170339,0.00123292,0.63543182,0.64944855,0.02158252
77,0.02270695,0.00123571,0.61297624,0.62722401,0.0227156
78,0.02372516,0.00123434,0.58956253,0.60398122,0.02387274
79,0.02560042,0.00123382,0.56518347,0.57970692,0.0250531
80,0.0272979,0.00122569,0.53900602,0.55353693,0.02625103
81,0.0286174,0.00120888,0.51121565,0.52565312,0.02746578
82,0.02955789,0.00118389,0.48219301,0.4964396,0.02869754
83,0.03033501,0.00114867,0.4523179,0.46628143,0.02994656
84,0.03187019,0.00109032,0.42176182,0.43534695,0.0312053
85,0.03292464,0.00102272,0.38981544,0.40287983,0.03242753
86,0.03330254,0.0009501,0.35695521,0.36936808,0.03360568
87,0.03305306,0.00087416,0.32384062,0.33549572,0.03473993
88,0.0323976,0.00079403,0.29107965,0.30189673,0.03583041
89,0.03202425,0.00069941,0.25906571,0.2689827,0.0368685
90,0.03101236,0.00060562,0.22753779,0.23647703,0.03780172
91,0.02933109,0.00051712,0.19710492,0.20502317,0.03862126
92,0.02713837,0.00043542,0.16839991,0.1752937,0.03932707
93,0.02464356,0.0003601,0.14190148,0.14780157,0.03991903
94,0.02216335,0.00028594,0.11788748,0.12284969,0.04039249
95,0.01950055,0.00022189,0.09633719,0.10042657,0.0407201
96,0.0799379,0.000687,0.07741068,0.08071154,0.04089703
