age,4.2,3.1,3.3,4.3,5.4,,,,,,,,,,,,
1,0.00548476,0.00001463,1,1,0,,,,0,<=,Age,<,1,10000000,10000000,0,0
2,0.00353796,0.00001219,0.99450065,0.99451518,0.00001461,,,,1,<=,Age,<,2,9945006,9945152,145,0.00001461
3,0.0013381,0.00000944,0.99095057,0.99097671,0.00002637,,,,2,<=,Age,<,3,9909506,9909767,261,0.00002637
4,0.00022785,0.00000727,0.98960308,0.98963759,0.00003487,,,,3,<=,Age,<,4,9896031,9896376,345,0.00003487
5,0.00019887,0.00000564,0.98936797,0.98940857,0.00004103,,,,4,<=,Age,<,5,9893680,9894086,406,0.00004103
6,0.0001699,0.00000402,0.98916347,0.98920874,0.00004576,,,,5,<=,Age,<,6,9891635,9892087,453,0.00004576
7,0.00014095,0.00000239,0.98898956,0.98903809,0.00004907,,,,6,<=,Age,<,7,9889896,9890381,485,0.00004907
8,0.00011672,0.000001,0.98884623,0.9888966,0.00005094,,,,7,<=,Age,<,8,9888462,9888966,504,0.00005094
9,0.00012072,0.00000095,0.98872852,0.98877953,0.00005159,,,,8,<=,Age,<,9,9887285,9887795,510,0.00005159
10,0.00012942,0.00000112,0.98860686,0.98865848,0.00005221,,,,9,<=,Age,<,10,9886069,9886585,516,0.00005221
11,0.00013812,0.0000013,0.98847632,0.98852872,0.00005301,,,,10,<=,Age,<,11,9884763,9885287,524,0.00005301
12,0.00014682,0.00000148,0.9883369,0.98839027,0.000054,,,,11,<=,Age,<,12,9883369,9883903,534,0.000054
13,0.00016553,0.00000161,0.98818861,0.98824311,0.00005516,,,,12,<=,Age,<,13,9881886,9882431,545,0.00005516
14,0.00024433,0.0000015,0.98802147,0.98807725,0.00005645,,,,13,<=,Age,<,14,9880215,9880773,558,0.00005645
15,0.00033308,0.00000134,0.98777566,0.98783259,0.00005763,,,,14,<=,Age,<,15,9877757,9878326,569,0.00005763
16,0.00042174,0.00000118,0.98744126,0.98749918,0.00005866,,,,15,<=,Age,<,16,9874413,9874992,579,0.00005866
17,0.00051029,0.00000102,0.98701837,0.98707712,0.00005952,,,,16,<=,Age,<,17,9870184,9870771,588,0.00005952
18,0.00060162,0.00000091,0.98650709,0.98656651,0.00006023,,,,17,<=,Age,<,18,9865071,9865665,594,0.00006023
19,0.0007103,0.00000108,0.9859046,0.98596455,0.00006081,,,,18,<=,Age,<,19,9859046,9859645,600,0.00006081
20,0.00082167,0.00000131,0.98519325,0.98525381,0.00006146,,,,19,<=,Age,<,20,9851933,9852538,606,0.00006146
21,0.00093276,0.00000153,0.98437032,0.98443159,0.00006223,,,,20,<=,Age,<,21,9843703,9844316,613,0.00006223
22,0.00104353,0.00000175,0.98343609,0.98349816,0.00006311,,,,21,<=,Age,<,22,9834361,9834982,621,0.00006311
23,0.00114369,0.00000199,0.98239088,0.98245386,0.0000641,,,,22,<=,Age,<,23,9823909,9824539,630,0.0000641
24,0.00118201,0.00000238,0.98124528,0.98130926,0.0000652,,,,23,<=,Age,<,24,9812453,9813093,640,0.0000652
25,0.00120995,0.0000028,0.98006097,0.98012604,0.00006639,,,,24,<=,Age,<,25,9800610,9801260,651,0.00006639
26,0.00123778,0.00000321,0.9788483,0.97891455,0.00006767,,,,25,<=,Age,<,26,9788483,9789145,662,0.00006767
27,0.0012655,0.00000363,0.97760739,0.97767489,0.00006904,,,,26,<=,Age,<,27,9776074,9776749,675,0.00006904
28,0.00129343,0.00000402,0.97633835,0.97640719,0.00007051,,,,27,<=,Age,<,28,9763383,9764072,688,0.00007051
29,0.00132314,0.00000432,0.97504098,0.97511125,0.00007206,,,,28,<=,Age,<,29,9750410,9751113,703,0.00007206
30,0.00135304,0.00000459,0.97371362,0.97378538,0.00007369,,,,29,<=,Age,<,30,9737136,9737854,718,0.00007369
31,0.00138281,0.00000486,0.97235609,0.97242941,0.00007539,,,,30,<=,Age,<,31,9723561,9724294,733,0.00007539
32,0.00141245,0.00000513,0.97096852,0.97104346,0.00007717,,,,31,<=,Age,<,32,9709685,9710435,749,0.00007717
33,0.001444,0.00000548,0.96955105,0.96962768,0.00007903,,,,32,<=,Age,<,33,9695510,9696277,766,0.00007903
34,0.00148764,0.00000625,0.96810169,0.96818007,0.00008095,,,,33,<=,Age,<,34,9681017,9681801,784,0.00008095
35,0.00153312,0.0000071,0.96660792,0.96668805,0.00008289,,,,34,<=,Age,<,35,9666079,9666881,801,0.00008289
36,0.00157836,0.00000794,0.96506783,0.96514972,0.00008484,,,,35,<=,Age,<,36,9650678,9651497,819,0.00008484
37,0.00162338,0.00000878,0.96348166,0.96356531,0.0000868,,,,36,<=,Age,<,37,9634817,9635653,836,0.0000868
38,0.0016759,0.00000981,0.96184965,0.96193504,0.00008877,,,,37,<=,Age,<,38,9618496,9619350,854,0.00008877
39,0.00177449,0.00001199,0.96016409,0.96025134,0.00009086,,,,38,<=,Age,<,39,9601641,9602513,872,0.00009086
40,0.00188024,0.00001435,0.95837777,0.95846761,0.00009373,,,,39,<=,Age,<,40,9583778,9584676,898,0.00009373
41,0.00198534,0.00001671,0.95648336,0.95657661,0.00009748,,,,40,<=,Age,<,41,9564834,9565766,932,0.00009748
42,0.00208977,0.00001905,0.95448151,0.954579,0.00010213,,,,41,<=,Age,<,42,9544815,9545790,975,0.00010213
43,0.00220946,0.00002212,0.95237292,0.95247546,0.00010766,,,,42,<=,Age,<,43,9523729,9524755,1025,0.00010766
44,0.00242396,0.00002967,0.95014158,0.95025041,0.00011453,,,,43,<=,Age,<,44,9501416,9502504,1088,0.00011453
45,0.00265266,0.00003791,0.94768824,0.94780717,0.00012548,,,,44,<=,Age,<,45,9476882,9478072,1189,0.00012548
46,0.00287939,0.00004609,0.94499802,0.94513123,0.00014094,,,,45,<=,Age,<,46,9449980,9451312,1332,0.00014094
47,0.00310397,0.00005421,0.94207297,0.9422246,0.00016092,,,,46,<=,Age,<,47,9420730,9422246,1516,0.00016092
48,0.00334342,0.00006415,0.93891533,0.93908946,0.00018543,,,,47,<=,Age,<,48,9389153,9390895,1741,0.00018543
49,0.00368289,0.00008525,0.93550842,0.93570983,0.00021524,,,,48,<=,Age,<,49,9355084,9357098,2014,0.00021524
50,0.00403519,0.00010803,0.93174115,0.93197887,0.00025508,,,,49,<=,Age,<,50,9317411,9319789,2377,0.00025508
51,0.00438269,0.00013055,0.92759906,0.92788273,0.00030572,,,,50,<=,Age,<,51,9275991,9278827,2837,0.00030572
52,0.00472497,0.00015281,0.92308729,0.92342636,0.00036719,,,,51,<=,Age,<,52,9230873,9234264,3391,0.00036719
53,0.00508171,0.00017741,0.91821141,0.91861511,0.00043946,,,,52,<=,Age,<,53,9182114,9186151,4037,0.00043946
54,0.00555174,0.00021748,0.91295474,0.91343275,0.00052331,,,,53,<=,Age,<,54,9129547,9134327,4780,0.00052331
55,0.00603234,0.00025954,0.9071887,0.90775444,0.00062323,,,,54,<=,Age,<,55,9071887,9077544,5657,0.00062323
56,0.00650252,0.00030086,0.90090092,0.90156806,0.00073998,,,,55,<=,Age,<,56,9009009,9015681,6671,0.00073998
57,0.00696152,0.00034138,0.89410278,0.89488452,0.00087357,,,,56,<=,Age,<,57,8941028,8948845,7817,0.00087357
58,0.00742573,0.00037985,0.88680648,0.88771551,0.00102401,,,,57,<=,Age,<,58,8868065,8877155,9090,0.00102401
59,0.00797877,0.00041039,0.87900912,0.88005689,0.00119057,,,,58,<=,Age,<,59,8790091,8800569,10478,0.00119057
60,0.00853184,0.00043886,0.87063017,0.87182356,0.00136884,,,,59,<=,Age,<,60,8706302,8718236,11934,0.00136884
61,0.00906655,0.00046639,0.86167196,0.86301661,0.00155808,,,,60,<=,Age,<,61,8616720,8630166,13446,0.00155808
62,0.0095819,0.00049292,0.85215406,0.85365505,0.00175831,,,,61,<=,Age,<,62,8521541,8536551,15010,0.00175831
63,0.01009859,0.00051381,0.8420971,0.84375892,0.00196955,,,,62,<=,Age,<,63,8420971,8437589,16618,0.00196955
64,0.01072152,0.00050633,0.83150571,0.83333047,0.00218971,,,,63,<=,Age,<,64,8315057,8333305,18248,0.00218971
65,0.01133759,0.00049398,0.82030252,0.82228115,0.00240627,,,,64,<=,Age,<,65,8203025,8222811,19786,0.00240627
66,0.0119236,0.00048143,0.80849943,0.81062094,0.00261713,,,,65,<=,Age,<,66,8084994,8106209,21215,0.00261713
67,0.01247837,0.0004687,0.79612684,0.7983801,0.00282229,,,,66,<=,Age,<,67,7961268,7983801,22533,0.00282229
68,0.01308195,0.00045516,0.78321624,0.7855901,0.00302175,,,,67,<=,Age,<,68,7832162,7855901,23739,0.00302175
69,0.01412568,0.00043748,0.76971994,0.77220146,0.00321357,,,,68,<=,Age,<,69,7697199,7722015,24815,0.00321357
70,0.01518058,0.00041891,0.75520342,0.7577694,0.00338623,,,,69,<=,Age,<,70,7552034,7577694,25660,0.00338623
71,0.01615998,0.00040018,0.73965652,0.74228256,0.00353779,,,,70,<=,Age,<,71,7396565,7422826,26260,0.00353779
72,0.0170603,0.00038139,0.72315461,0.72581708,0.00366825,,,,71,<=,Age,<,72,7231546,7258171,26625,0.00366825
73,0.01797739,0.00036477,0.70577646,0.7084527,0.00377759,,,,72,<=,Age,<,73,7057765,7084527,26762,0.00377759
74,0.01937787,0.00036078,0.68750303,0.69017213,0.00386728,,,,73,<=,Age,<,74,6875030,6901721,26691,0.00386728
75,0.02072419,0.0003578,0.6678401,0.67048593,0.00394613,,,,74,<=,Age,<,75,6678401,6704859,26458,0.00394613
76,0.021908,0.00035363,0.64684063,0.64944855,0.0040156,,,,75,<=,Age,<,76,6468406,6494486,26079,0.0040156
77,0.0229244,0.00034832,0.62466764,0.62722401,0.00407569,,,,76,<=,Age,<,77,6246676,6272240,25564,0.00407569
78,0.02395593,0.00034146,0.60148895,0.60398122,0.0041264,,,,77,<=,Age,<,78,6014890,6039812,24923,0.0041264
79,0.02585578,0.00033058,0.57729092,0.57970692,0.00416762,,,,78,<=,Age,<,79,5772909,5797069,24160,0.00416762
80,0.02757602,0.00031787,0.55121274,0.55353693,0.00419881,,,,79,<=,Age,<,80,5512127,5535369,23242,0.00419881
81,0.0289139,0.00030394,0.52343494,0.52565312,0.00421985,,,,80,<=,Age,<,81,5234349,5256531,22182,0.00421985
82,0.02986832,0.00028901,0.49433929,0.4964396,0.00423075,,,,81,<=,Age,<,82,4943393,4964396,21003,0.00423075
83,0.03065664,0.00027182,0.46430836,0.46628143,0.0042315,,,,82,<=,Age,<,83,4643084,4662814,19731,0.0042315
84,0.03220743,0.0002457,0.43350949,0.43534695,0.00422068,,,,83,<=,Age,<,84,4335095,4353469,18375,0.00422068
85,0.03327199,0.00021862,0.40119184,0.40287983,0.00418983,,,,84,<=,Age,<,85,4011918,4028798,16880,0.00418983
86,0.03365304,0.00019247,0.36783981,0.36936808,0.00413752,,,,85,<=,Age,<,86,3678398,3693681,15283,0.00413752
87,0.03340024,0.00016765,0.33413235,0.33549572,0.00406375,,,,86,<=,Age,<,87,3341323,3354957,13634,0.00406375
88,0.03273566,0.00014486,0.30069866,0.30189673,0.00396851,,,,87,<=,Age,<,88,3006987,3018967,11981,0.00396851
89,0.03234761,0.00012582,0.26794621,0.2689827,0.00385338,,,,88,<=,Age,<,89,2679462,2689827,10365,0.00385338
90,0.03131574,0.00010809,0.23559543,0.23647703,0.00372805,,,,89,<=,Age,<,90,2355954,2364770,8816,0.00372805
91,0.02961045,0.00009155,0.20428629,0.20502317,0.00359414,,,,90,<=,Age,<,91,2042863,2050232,7369,0.00359414
92,0.02739098,0.00007644,0.17468865,0.1752937,0.00345163,,,,91,<=,Age,<,92,1746887,1752937,6050,0.00345163
93,0.02486765,0.00006247,0.14731375,0.14780157,0.00330053,,,,92,<=,Age,<,93,1473137,1478016,4878,0.00330053
94,0.02235675,0.00004784,0.12246378,0.12284969,0.00314128,,,,93,<=,Age,<,94,1224638,1228497,3859,0.00314128
95,0.01966411,0.00003547,0.10012763,0.10042657,0.00297669,,,,94,<=,Age,<,95,1001276,1004266,2989,0.00297669
96,0.08055883,0.00009582,0.08048497,0.08071154,0.00280723,,,,,,Age,>=,95,804850,807115,2266,0.00280723
