age,4.2,3.1,3.3,4.3,5.4
1,0.00548482,0,1,1,0
2,0.00353847,0,0.99451518,0.99451518,0
3,0.00133912,0,0.99097671,0.99097671,0
4,0.00022902,0,0.98963759,0.98963759,0
5,0.00019983,0,0.98940857,0.98940857,0
6,0.00017065,0,0.98920874,0.98920874,0
7,0.00014149,0,0.98903809,0.98903809,0
8,0.00011707,0.00000001,0.9888966,0.9888966,0
9,0.00012105,0.00000004,0.98877952,0.98877953,0.00000001
10,0.00012975,0.00000009,0.98865843,0.98865848,0.00000005
11,0.00013846,0.00000013,0.98852858,0.98852872,0.00000014
12,0.00014715,0.00000018,0.98839,0.98839027,0.00000027
13,0.00016586,0.00000023,0.98824267,0.98824311,0.00000045
14,0.00024459,0.00000033,0.98807658,0.98807725,0.00000068
15,0.00033328,0.00000043,0.98783166,0.98783259,0.00000094
16,0.00042187,0.00000054,0.98749795,0.98749918,0.00000125
17,0.00051035,0.00000065,0.98707554,0.98707712,0.0000016
18,0.00060162,0.00000078,0.98656454,0.98656651,0.000002
19,0.00071023,0.0000011,0.98596214,0.98596455,0.00000245
20,0.00082152,0.00000144,0.98525082,0.98525381,0.00000304
21,0.00093253,0.00000178,0.98442787,0.98443159,0.00000378
22,0.00104322,0.00000212,0.98349357,0.98349816,0.00000468
23,0.00114332,0.00000245,0.98244824,0.98245386,0.00000572
24,0.00118175,0.00000273,0.98130247,0.98130926,0.00000692
25,0.00120983,0.00000301,0.98011799,0.98012604,0.00000821
26,0.00123781,0.00000329,0.97890516,0.97891455,0.00000959
27,0.00126567,0.00000356,0.97766408,0.97767489,0.00001107
28,0.00129368,0.00000395,0.97639486,0.97640719,0.00001263
29,0.00132317,0.00000499,0.97509724,0.97511125,0.00001436
30,0.00135281,0.00000614,0.9737691,0.97378538,0.00001672
31,0.00138231,0.00000728,0.97241018,0.97242941,0.00001977
32,0.00141168,0.00000843,0.97102062,0.97104346,0.00002353
33,0.00144299,0.00000962,0.96960055,0.96962768,0.00002798
34,0.00148659,0.00001115,0.96814799,0.96818007,0.00003314
35,0.00153204,0.00001273,0.9666503,0.96668805,0.00003905
36,0.00157728,0.00001431,0.96510559,0.96514972,0.00004572
37,0.00162228,0.00001588,0.96351409,0.96356531,0.00005316
38,0.00167475,0.00001773,0.96187602,0.96193504,0.00006135
39,0.00177307,0.00002132,0.96018366,0.96025134,0.00007048
40,0.00187852,0.00002518,0.9583894,0.95846761,0.00008159
41,0.00198332,0.00002902,0.95648588,0.95657661,0.00009485
42,0.00208745,0.00003284,0.95447374,0.954579,0.00011027
43,0.00220727,0.00003667,0.9523537,0.95247546,0.00012784
44,0.00242439,0.00004063,0.95011007,0.95025041,0.00014769
45,0.00265612,0.00004458,0.94764544,0.94780717,0.00017063
46,0.00288586,0.00004849,0.94494523,0.94513123,0.00019679
47,0.00311343,0.00005237,0.94201149,0.9422246,0.00022618
48,0.00335657,0.00005657,0.93884644,0.93908946,0.00025878
49,0.003704,0.00006286,0.93543423,0.93570983,0.00029454
50,0.00406491,0.00006943,0.93166853,0.93197887,0.00033299
51,0.00442092,0.00007591,0.92753563,0.92788273,0.00037408
52,0.00477161,0.0000823,0.92304056,0.92342636,0.00041779
53,0.00513875,0.00008916,0.91818875,0.91861511,0.00046414
54,0.00563151,0.00009937,0.91296335,0.91343275,0.00051388
55,0.00613658,0.00010995,0.90723553,0.90775444,0.00057164
56,0.00663084,0.00012032,0.9009927,0.90156806,0.00063818
57,0.00711347,0.00013047,0.89424602,0.89488452,0.0007135
58,0.00760021,0.00014021,0.88700745,0.88771551,0.00079761
59,0.00817157,0.00014881,0.87927345,0.88005689,0.00089022
60,0.00874183,0.00015698,0.87096075,0.87182356,0.00098966
61,0.00929321,0.00016486,0.86207106,0.86301661,0.00109564
62,0.00982468,0.00017242,0.85262369,0.85365505,0.00120817
63,0.01035345,0.00018077,0.84263905,0.84375892,0.00132725
64,0.01096735,0.0001954,0.83211922,0.83333047,0.0014535
65,0.01157099,0.00021052,0.82097315,0.82228115,0.00159069
66,0.01214465,0.00022499,0.80921091,0.81062094,0.00173944
67,0.01268718,0.00023876,0.79686337,0.7983801,0.00189977
68,0.01327949,0.000252,0.78396262,0.7855901,0.00207166
69,0.01431695,0.00026553,0.77045986,0.77220146,0.00225538
70,0.01536622,0.0002782,0.75591108,0.7577694,0.00245237
71,0.01633981,0.00028976,0.74030595,0.74228256,0.00266287
72,0.01723419,0.00030016,0.72372172,0.72581708,0.0028869
73,0.01814576,0.0003095,0.70623917,0.7084527,0.00312446
74,0.01954376,0.00031825,0.68784288,0.69017213,0.00337487
75,0.02088767,0.00032548,0.66804937,0.67048593,0.00363402
76,0.0220686,0.00033103,0.64691492,0.64944855,0.00390122
77,0.02308166,0.00033487,0.62460442,0.62722401,0.00417648
78,0.02410884,0.00033673,0.60128757,0.60398122,0.00445982
79,0.02600037,0.00033499,0.57695304,0.57970692,0.00475047
80,0.02771143,0.00033074,0.55074504,0.55353693,0.00504374
81,0.02903999,0.00032435,0.52284674,0.52565312,0.00533885
82,0.02998506,0.00031596,0.49364176,0.4964396,0.00563581
83,0.03076301,0.00030527,0.46351421,0.46628143,0.00593465
84,0.03229752,0.00028981,0.43263312,0.43534695,0.00623371
85,0.03334594,0.00027207,0.40025183,0.40287983,0.00652306
86,0.03371226,0.00025296,0.36685599,0.36936808,0.00680104
87,0.03344632,0.00023293,0.33312454,0.33549572,0.00706769
88,0.03277087,0.0002112,0.29968595,0.30189673,0.00732299
89,0.03237687,0.00018273,0.26694784,0.2689827,0.00756502
90,0.03134014,0.00015488,0.23463671,0.23647703,0.00778224
91,0.02963047,0.00012934,0.20338858,0.20502317,0.00797269
92,0.02740714,0.00010642,0.17386744,0.1752937,0.00813638
93,0.02487982,0.00008618,0.14657877,0.14780157,0.00827328
94,0.02236232,0.0000683,0.12181997,0.12284969,0.0083819
95,0.01966453,0.00005309,0.09957762,0.10042657,0.0084534
96,0.08052696,0.0001651,0.0800266,0.08071154,0.00848627
